     5      2      5     26      1 
     4      3      2     23      1 
     2      2      5     14      1 
     5      1      2     13      1 
     1      4      5     12      1 
     0      3      5      7      1 
     0      0      5      2      1 
    23     26     12    410      2 
    13     23      0    247      2 
    13     14      7    238      2 
    12     23     12    231      2 
    14      7      1    127      2 
    13     12     23    124      2 
    26      2      7    110      2 
     4     23     12    103      2 
     5     13      3     61      2 
     5      7     14     55      2 
    23      1      4     49      2 
     4      7      7     47      2 
     2     12     26     36      2 
     1     10     12     26      2 
    12     47     23    463      3 
    12     36     14    452      3 
   103      5     14    421      3 
    49     10      5    410      3 
    47     10    247    394      3 
    55      3    127    227      3 
     4     49     61    209      3 
     4     47      3    207      3 
    49      5     36    205      3 
    49      4    238    204      3 
    36      2      3    150      3 
     0     36     14     68      3 
    10      4    124     48      3 
    60      3     36    247      3 
    62      1     49    127      3 
     1     29     61     61      3 
    29      1      7     61      3 
     1     17    231     49      3 
   205      1    247    413      4 
     1    150     17    406      4 
    48     12     14    404      4 
    17     14     36    302      4 
    68      3    247    279      4 
    13     29    205    253      4 
     5     60     26    252      4 
    17     12      2    156      4 
    68      0    205    138      4 
    60      1      7    123      4 
    48      0    227     98      4 
     5     79    204    463      4 
   253      0      5    508      5 
     1    156     23    412      5 
    98      2    406    398      5 
     0    138    124    266      5 
   100      2    110    406      5 
    33      7      0    279      5 
    77      0     55    156      5 
    33      2    205    138      5 
     4     18      7     98      5 
     4    100      3    420      6 
   100      4    156    408      6 
    18     23      4    327      6 
    33     13      4    285      6 
     4     33    394    193      6 
     2     18     68     66      6 
     1     18    247     50      6 
     1    142     13    398      6 
    15      1      2     33      6 
    15     18     18    274      7 
     1     66    193    194      7 
     3     50    252    178      7 
     2     50     10    146      7 
    50      0    253    102      7 
     0     34      1     66      7 
     4     34    146    194      8 
    43      2    253    178      8 
    10     43    404    395      9 
    43      7    178    359      9 
     7     43    408    299      9 
     4     43    279    203      9 
    43      1    178     89      9 
    97      3    420    395     10 
     5     97    124    481     11 
    10      9     12     97     11 
     9     49      9    369     12 
     9     47     79    367     12 
     9     34     98    354     12 
    33      9      4    281     12 
    23      9    285    201     12 
    18      9      9    161     12 
     3      9     36     41     12 
     9      0    194     20     12 
    20     26    253    362     13 
    20     20    452    356     13 
    41      2    413    170     13 
     2     41    285    137     13 
    38      5    327    161     13 
     0     25      3     41     13 
    12     38    238    454     14 
    38      9    281    321     14 
    17     25      3    313     14 
    13     25     43    249     14 
     2     38    302    134     14 
    42     12    452    356     14 
    67      1     10    137     14 
   249      1     29    501     15 
    67      5    203    277     15 
    42      0    481     86     15 
     6     22    367    134     15 
    32      1     55     67     15 
    50      6     79    414     16 
    22     29    102    397     16 
    43      6    454    358     16 
    41      6     20    342     16 
     6     33    452    257     16 
    12     22    238    230     16 
    22      7     14    191     16 
    13      6    404    118     16 
    22      4    369     96     16 
    22      3     97     95     16 
     3     22     25     86     16 
     1     22    100     54     16 
     4      6     47     46     16 
     6      3    138     31     16 
    13     53     43    501     16 
    29     21    156    501     16 
   118      2    279    478     17 
    54      6     18    446     17 
     4     95     79    415     17 
     3    118     36    374     17 
    21     18      6    370     17 
    18     21    138    325     17 
     7     53     25    309     17 
     2     95    209    287     17 
    31      9     32    265     17 
    31      6    508    262     17 
     5     53     79    245     17 
    12     21    362    229     17 
    53      2    178    218     17 
    96      1    285    195     17 
     5     21    358    117     17 
     4     21    266    101     17 
     0     53     96     85     17 
     1    117    359    245     18 
     1    101      9    229     18 
     0    181    327    309     18 
     5     37    274    229     18 
   113      1      5    229     18 
    27      5     55    117     18 
     5    113     96    497     19 
    27     14    325    462     19 
    12     37     62    453     19 
    20     27    181    363     19 
    37     12    230    316     19 
   113      0    110    228     19 
     7     27     67    155     19 
